Time,Predicted,Actual Returns,Strategy Returns
2018-05-03,1,-14.52167647353122,-14.52167647353122
2018-05-04,1,-1.6111358363412178,-1.6111358363412178
2018-05-07,1,-0.12910135102934472,-0.12910135102934472
2018-05-08,1,-1.0895267420259043,-1.0895267420259043
2018-05-09,0,-7.115971070711629,-0.0
2018-05-10,0,-1.369033988264621,-0.0
2018-05-11,1,1.17692127884433,1.17692127884433
2018-05-14,1,1.3256518471572702,1.3256518471572702
2018-05-15,1,-0.11633551236867623,-0.11633551236867623
2018-05-16,1,-1.303344691265578,-1.303344691265578
2018-05-17,1,-1.836705643909959,-1.836705643909959
2018-05-18,1,3.006514518229004,3.006514518229004
2018-05-21,1,-2.0212294866632865,-2.0212294866632865
2018-05-22,1,-2.2026611880563194,-2.2026611880563194
2018-05-23,0,-1.4430353938750107,-0.0
2018-05-24,1,-1.2961257494119256,-1.2961257494119256
2018-05-25,1,-1.8232647081994395,-1.8232647081994395
2018-05-29,1,3.8923281608992077,3.8923281608992077
2018-05-30,1,0.5931278622035301,0.5931278622035301
2018-05-31,1,-1.854179165306184,-1.854179165306184
2018-06-01,1,-2.039205863306789,-2.039205863306789
2018-06-04,1,-0.32292118639637535,-0.32292118639637535
2018-06-05,1,-2.1213365567778544,-2.1213365567778544
2018-06-06,1,-6.1544795196741875,-6.1544795196741875
2018-06-07,1,-1.1095243822876966,-1.1095243822876966
2018-06-08,1,-1.4653824652894665,-1.4653824652894665
2018-06-11,0,8.151896680687887,0.0
2018-06-12,1,-0.29320746958009913,-0.29320746958009913
2018-06-13,1,-0.8174871337030841,-0.8174871337030841
2018-06-14,1,5.4003371076044235,5.4003371076044235
2018-06-15,0,-0.9664813280796416,-0.0
2018-06-18,0,27.097338511859043,0.0
2018-06-19,1,-2.3946247691111857,-2.3946247691111857
2018-06-20,0,-1.5564232491826633,-0.0
2018-06-21,0,-2.4805850720247857,-0.0
2018-06-22,0,-0.01648366546795399,-0.0
2018-06-25,0,-0.9534721293196239,-0.0
2018-06-26,0,-15.526696222981291,-0.0
2018-06-27,1,-0.7292208697504627,-0.7292208697504627
2018-06-28,0,1.1562185471506794,0.0
2018-06-29,0,-2.265507730493844,-0.0
2018-07-02,0,0.15191562674816872,0.0
2018-07-03,1,2.144585078197065,2.144585078197065
2018-07-05,0,-0.9243114305055684,-0.0
2018-07-06,0,-0.8462138435937465,-0.0
2018-07-09,1,-37.991277661133374,-37.991277661133374
2018-07-10,0,-0.6003624135964379,-0.0
2018-07-11,0,-1.8754763100671004,-0.0
2018-07-12,0,-0.35191978281703606,-0.0
2018-07-13,0,-1.9668165162169498,-0.0
2018-07-16,0,-5.032710915759589,-0.0
2018-07-17,0,-2.476176342210519,-0.0
2018-07-18,0,-0.91145815780412,-0.0
2018-07-19,0,-4.109502725763749,-0.0
2018-07-20,0,0.8577905980938152,0.0
2018-07-23,0,0.5939981698241492,0.0
2018-07-24,0,-0.425092851824029,-0.0
2018-07-25,0,-2.9981647741864643,-0.0
2018-07-26,0,-1.1780233406091212,-0.0
2018-07-27,0,3.5619630939631817,0.0
2018-07-30,0,-0.23617899922653418,-0.0
2018-07-31,0,-2.164412187980803,-0.0
2018-08-01,1,-0.6702843604839561,-0.6702843604839561
2018-08-02,0,16.875132966399104,0.0
2018-08-03,1,-1.0242124901262646,-1.0242124901262646
2018-08-06,0,3.528588137427586,0.0
2018-08-07,0,-7.190809913923081,-0.0
2018-08-08,1,-1.2212924946436925,-1.2212924946436925
2018-08-09,1,0.9865485013622359,0.9865485013622359
2018-08-10,0,-1.1785517148685734,-0.0
2018-08-13,1,-0.699948155271984,-0.699948155271984
2018-08-14,1,-10.507812554904605,-10.507812554904605
2018-08-15,0,0.04627136210767113,0.0
2018-08-16,0,-0.6284241954783512,-0.0
2018-08-17,0,8.333123865170693,0.0
2018-08-20,1,-1.1077877878820845,-1.1077877878820845
2018-08-21,0,3.5345571552936565,0.0
2018-08-22,0,-1.0185074926265678,-0.0
2018-08-23,0,4.928305082755228,0.0
2018-08-24,1,-2.774729914158897,-2.774729914158897
2018-08-27,0,-2.294154002167894,-0.0
2018-08-28,0,1.1105224006130099,0.0
2018-08-29,0,-0.05360701430462367,-0.0
2018-08-30,0,-0.7223679288974736,-0.0
2018-08-31,0,-0.1940174719158695,-0.0
2018-09-04,0,7.572385674188322,0.0
2018-09-05,0,-0.3256398459287372,-0.0
2018-09-06,0,-1.0263264976732207,-0.0
2018-09-07,1,-85.270615134399,-85.270615134399
2018-09-10,1,-2.3414786776170073,-2.3414786776170073
2018-09-11,0,-1.251010996776581,-0.0
2018-09-12,1,-2.871407934874556,-2.871407934874556
2018-09-13,1,-1.0935807656235375,-1.0935807656235375
2018-09-14,1,-6.334619870004242,-6.334619870004242
2018-09-17,0,-1.0614985445700296,-0.0
2018-09-18,1,26.477759875909157,26.477759875909157
2018-09-19,1,-2.472418444277511,-2.472418444277511
2018-09-20,0,-1.0467692735166827,-0.0
2018-09-21,1,-2.1185110979536015,-2.1185110979536015
2018-09-24,1,-0.24872516513996856,-0.24872516513996856
2018-09-25,0,1.254310579000181,0.0
2018-09-26,1,5.52868110306952,5.52868110306952
2018-09-27,1,-1.2331590607543481,-1.2331590607543481
2018-09-28,1,19.891508354163477,19.891508354163477
2018-10-01,1,-2.2478572524629445,-2.2478572524629445
2018-10-02,1,-1.1795997454172156,-1.1795997454172156
2018-10-03,1,-0.33677320556147206,-0.33677320556147206
2018-10-04,1,1.1292009261075044,1.1292009261075044
2018-10-05,1,0.603309578340504,0.603309578340504
2018-10-08,1,-0.3835818679451961,-0.3835818679451961
2018-10-09,1,-2.123478375354206,-2.123478375354206
2018-10-10,1,-1.4611335100693195,-1.4611335100693195
2018-10-11,1,-0.19642164038139653,-0.19642164038139653
2018-10-12,1,-2.43456995542913,-2.43456995542913
2018-10-15,1,-0.8794687894202378,-0.8794687894202378
2018-10-16,1,19.92257329931698,19.92257329931698
2018-10-17,1,-1.265549764186357,-1.265549764186357
2018-10-18,1,0.6651419552868378,0.6651419552868378
2018-10-19,1,-0.4883597530679037,-0.4883597530679037
2018-10-22,1,-1.2466276615327339,-1.2466276615327339
2018-10-23,1,33.80848522873156,33.80848522873156
2018-10-24,1,-1.1507560239036914,-1.1507560239036914
2018-10-25,1,-5.765135987664611,-5.765135987664611
2018-10-26,1,-0.44244632826399755,-0.44244632826399755
2018-10-29,1,-0.7656766737266224,-0.7656766737266224
2018-10-30,1,-2.238377054519003,-2.238377054519003
2018-10-31,0,-2.5214830981517404,-0.0
2018-11-01,1,-0.08263095125375075,-0.08263095125375075
2018-11-02,1,-0.700151128080329,-0.700151128080329
2018-11-05,0,-3.3376441961591814,-0.0
2018-11-06,1,-0.9311389514105117,-0.9311389514105117
2018-11-07,0,-21.90292785315864,-0.0
2018-11-08,0,-0.5529688835960038,-0.0
2018-11-09,0,-1.2721612826717594,-0.0
2018-11-12,1,20.66142712631437,20.66142712631437
2018-11-13,0,-1.4099051374031508,-0.0
2018-11-14,1,-0.3081804606226075,-0.3081804606226075
2018-11-15,0,-0.17039432256411746,-0.0
2018-11-16,0,0.3052167922034945,0.0
2018-11-19,0,-1.1407293508245913,-0.0
2018-11-20,1,6.135991541889837,6.135991541889837
2018-11-21,0,0.5819505586058049,0.0
2018-11-23,0,0.3655769765153025,0.0
2018-11-26,0,-2.693782614858561,-0.0
2018-11-27,0,-1.0971128073063954,-0.0
2018-11-28,0,-2.9105114320062517,-0.0
2018-11-29,0,-2.6769365935955927,-0.0
2018-11-30,1,-2.4168401571407854,-2.4168401571407854
2018-12-03,0,-0.16249131581582743,-0.0
2018-12-04,0,-0.852312149938153,-0.0
2018-12-06,0,1.7675013468961187,0.0
2018-12-07,0,-2.500851607193577,-0.0
2018-12-10,0,-2.4306629321206294,-0.0
2018-12-11,1,-0.7801724552567743,-0.7801724552567743
2018-12-12,1,-1.0989347140924406,-1.0989347140924406
2018-12-13,0,-64.71985602357783,-0.0
2018-12-14,0,-2.0579350005079062,-0.0
2018-12-17,0,0.607746689446429,0.0
2018-12-18,0,-0.308545830154639,-0.0
2018-12-19,1,-0.6315018840956523,-0.6315018840956523
2018-12-20,0,3.3853481713772844,0.0
2018-12-21,0,-1.2634940123789509,-0.0
2018-12-24,0,-6.477276275795425,-0.0
2018-12-26,0,-2.363157938301642,-0.0
2018-12-27,0,-1.293886288869314,-0.0
2018-12-28,0,-2.837242015393715,-0.0
2018-12-31,0,-1.0571105031023786,-0.0
2019-01-02,0,20.264517886675506,0.0
2019-01-03,1,-0.5381925963052863,-0.5381925963052863
2019-01-04,0,-2.8333095350066637,-0.0
2019-01-07,0,-0.05782154344171053,-0.0
2019-01-08,0,-0.9785825998482903,-0.0
2019-01-09,0,7.144651334003804,0.0
2019-01-10,0,1.0061320236115296,0.0
2019-01-11,0,-0.6510446534850549,-0.0
2019-01-14,0,-6.578643964986352,-0.0
2019-01-15,1,-1.8099312895028212,-1.8099312895028212
2019-01-16,0,-0.8431882992188,-0.0
2019-01-17,0,-0.2258652610205949,-0.0
2019-01-18,0,-36.624398738946354,-0.0
2019-01-22,1,-0.9148096437545797,-0.9148096437545797
2019-01-23,0,2.4301012800545005,0.0
2019-01-24,0,-1.3596149877625126,-0.0
2019-01-25,0,0.3917469151482198,0.0
2019-01-28,0,-1.1171284449451557,-0.0
2019-01-29,0,-2.639995810125658,-0.0
2019-01-30,0,9.434123054777922,0.0
2019-01-31,0,-1.1490629001935384,-0.0
2019-02-01,0,-3.9826048348657874,-0.0
2019-02-04,0,-0.8711548552464128,-0.0
2019-02-05,0,11.413974909755767,0.0
2019-02-06,0,-1.475325181202917,-0.0
2019-02-07,0,1.3817142454865294,0.0
2019-02-08,0,-0.8183315375632323,-0.0
2019-02-11,0,-5.13997185603706,-0.0
2019-02-12,0,-1.1430178403408124,-0.0
2019-02-13,0,2.545560762114063,0.0
2019-02-14,0,0.22306997920549443,0.0
2019-02-15,0,-1.94762235380324,-0.0
2019-02-19,0,-1.537738504158191,-0.0
2019-02-20,0,0.3850611746967745,0.0
2019-02-21,1,2.716053454215143,2.716053454215143
2019-02-22,1,-1.319098344550579,-1.319098344550579
2019-02-25,1,0.15288632895251975,0.15288632895251975
2019-02-26,1,-1.2210939135470136,-1.2210939135470136
2019-02-27,0,-19.606046964759702,-0.0
2019-02-28,0,-0.7118308460051932,-0.0
2019-03-01,0,-5.8029147055470744,-0.0
2019-03-04,1,-0.5921646301107926,-0.5921646301107926
2019-03-05,1,-0.033778815918685146,-0.033778815918685146
2019-03-06,1,-0.9649007192909256,-0.9649007192909256
2019-03-07,1,-2.1678700639522432,-2.1678700639522432
2019-03-08,0,20.544844170326503,0.0
2019-03-11,0,-0.12585015092984342,-0.0
2019-03-12,1,-2.089057923954286,-2.089057923954286
2019-03-13,1,-1.7605032871068913,-1.7605032871068913
2019-03-14,1,-0.824886749757703,-0.824886749757703
2019-03-15,1,-15.479715339980833,-15.479715339980833
2019-03-18,1,-0.5696250167595789,-0.5696250167595789
2019-03-19,1,-0.652437518830324,-0.652437518830324
2019-03-20,0,-4.057576548255305,-0.0
2019-03-21,1,-0.9330198728168154,-0.9330198728168154
2019-03-22,1,-23.56073529028057,-23.56073529028057
2019-03-25,1,-0.5513789952744077,-0.5513789952744077
2019-03-26,1,-2.8165553105751675,-2.8165553105751675
2019-03-27,1,-0.06582081016529029,-0.06582081016529029
2019-03-28,1,-0.4769637968255953,-0.4769637968255953
2019-03-29,1,-0.6772745271090833,-0.6772745271090833
2019-04-01,1,6.482860119893794,6.482860119893794
2019-04-02,1,-1.3426671542687285,-1.3426671542687285
2019-04-03,1,-2.817706881938164,-2.817706881938164
2019-04-04,1,-4.969922075797835,-4.969922075797835
2019-04-05,1,-1.3256070615799773,-1.3256070615799773
2019-04-08,1,-1.2387257263384635,-1.2387257263384635
2019-04-09,1,-0.4910609312222376,-0.4910609312222376
2019-04-10,1,-5.227220986666483,-5.227220986666483
2019-04-11,1,-3.0096555201038186,-3.0096555201038186
2019-04-12,1,-0.9030759958335834,-0.9030759958335834
2019-04-15,1,0.8382376986823916,0.8382376986823916
2019-04-16,1,-6.3141282946673325,-6.3141282946673325
2019-04-17,1,-1.2973656892587688,-1.2973656892587688
2019-04-18,1,-1.9605260342598432,-1.9605260342598432
2019-04-22,1,-6.138923503145857,-6.138923503145857
2019-04-23,1,-1.1137952516116478,-1.1137952516116478
2019-04-24,1,-5.536705783950988,-5.536705783950988
2019-04-25,1,1.1476053758066627,1.1476053758066627
2019-04-26,1,0.1828066984706349,0.1828066984706349
2019-04-29,1,-1.5337250744336495,-1.5337250744336495
2019-04-30,1,-1.427663380395706,-1.427663380395706
2019-05-01,1,0.7030711594052645,0.7030711594052645
2019-05-02,1,-3.199095322374898,-3.199095322374898
2019-05-03,1,0.03847793824128454,0.03847793824128454
2019-05-06,1,-0.9728540126886168,-0.9728540126886168
2019-05-07,1,-27.677955664045722,-27.677955664045722
2019-05-08,1,-0.7228970660776848,-0.7228970660776848
2019-05-09,1,0.29995995349737425,0.29995995349737425
2019-05-10,1,-0.12969424770474303,-0.12969424770474303
2019-05-13,1,4.137612651496037,4.137612651496037
2019-05-14,1,-1.4470079390643658,-1.4470079390643658
2019-05-15,1,-1.0663753121290513,-1.0663753121290513
2019-05-16,1,9.071078459090682,9.071078459090682
2019-05-17,1,3.8547768771394697,3.8547768771394697
2019-05-20,1,-0.645385698484538,-0.645385698484538
2019-05-21,1,-0.9492523514288016,-0.9492523514288016
2019-05-22,1,43.16602397915133,43.16602397915133
2019-05-23,1,-1.2378025010455296,-1.2378025010455296
2019-05-24,1,-2.7360107347506624,-2.7360107347506624
2019-05-28,1,-0.5927561053507409,-0.5927561053507409
2019-05-29,1,-1.6071835257529956,-1.6071835257529956
2019-05-30,1,-2.4051492296668426,-2.4051492296668426
2019-05-31,1,0.8821206276238072,0.8821206276238072
2019-06-03,1,1.0563047020978367,1.0563047020978367
2019-06-04,1,-3.445233658379847,-3.445233658379847
2019-06-05,1,-0.811069951746445,-0.811069951746445
2019-06-06,1,2.0828232404178655,2.0828232404178655
2019-06-07,1,-1.1478735805043956,-1.1478735805043956
2019-06-10,1,-6.820313484514677,-6.820313484514677
2019-06-11,1,-0.5162445125420629,-0.5162445125420629
2019-06-12,1,-2.8217075140943333,-2.8217075140943333
2019-06-13,1,-1.615333126040896,-1.615333126040896
2019-06-14,1,-0.7875172896794767,-0.7875172896794767
2019-06-17,1,8.962873708221322,8.962873708221322
2019-06-18,1,-1.0273951285934642,-1.0273951285934642
2019-06-19,1,-6.83521313485777,-6.83521313485777
2019-06-20,1,-4.999533637345369,-4.999533637345369
2019-06-21,1,-1.339128549334343,-1.339128549334343
2019-06-24,1,-0.2133836404877456,-0.2133836404877456
2019-06-25,1,-3.1624210450884047,-3.1624210450884047
2019-06-26,1,-0.8714793874406346,-0.8714793874406346
2019-06-27,1,-8.301882972811448,-8.301882972811448
2019-06-28,1,-0.8291132935411393,-0.8291132935411393
2019-07-01,1,4.967292619885512,4.967292619885512
2019-07-02,1,-1.6946646542806834,-1.6946646542806834
2019-07-03,1,-4.99647735679803,-4.99647735679803
2019-07-05,1,-1.1662501553694673,-1.1662501553694673
2019-07-08,1,0.5451753356434206,0.5451753356434206
2019-07-09,1,-0.8973320895465936,-0.8973320895465936
2019-07-10,1,-32.68048581031163,-32.68048581031163
2019-07-11,1,-1.0347785450940796,-1.0347785450940796
2019-07-12,1,-21.276823163611922,-21.276823163611922
2019-07-15,1,0.2650246847122881,0.2650246847122881
2019-07-16,1,-1.1285991648408271,-1.1285991648408271
2019-07-17,1,-3.2241213713051264,-3.2241213713051264
2019-07-18,1,-1.5270818401230244,-1.5270818401230244
2019-07-19,1,-4.533407741484284,-4.533407741484284
2019-07-22,1,-1.529107103169756,-1.529107103169756
2019-07-23,1,-2.8135693128009214,-2.8135693128009214
2019-07-24,1,0.03089068300611486,0.03089068300611486
2019-07-25,1,-8.519931826599631,-8.519931826599631
2019-07-26,1,-0.9749605634757005,-0.9749605634757005
2019-07-29,1,-10.944142204115824,-10.944142204115824
2019-07-30,1,-0.1879403309083324,-0.1879403309083324
2019-07-31,1,-1.0974746506310866,-1.0974746506310866
2019-08-01,1,10.970101955050195,10.970101955050195
2019-08-02,1,-1.06524082881498,-1.06524082881498
2019-08-05,1,-13.259883227878491,-13.259883227878491
2019-08-06,1,-1.4142976833197975,-1.4142976833197975
2019-08-07,1,0.08718694205829003,0.08718694205829003
2019-08-08,1,0.8068207561282299,0.8068207561282299
2019-08-09,1,-1.6603755033524146,-1.6603755033524146
2019-08-12,1,0.8492267211336699,0.8492267211336699
2019-08-13,1,-2.0244919409471955,-2.0244919409471955
2019-08-14,1,-3.5021643918835657,-3.5021643918835657
2019-08-15,1,-0.7231015732002355,-0.7231015732002355
2019-08-16,1,-2.100347957510412,-2.100347957510412
2019-08-19,1,0.5709947540383045,0.5709947540383045
2019-08-20,1,-1.136507851777662,-1.136507851777662
2019-08-21,1,4.207823729817708,4.207823729817708
2019-08-22,1,-1.2684041657282448,-1.2684041657282448
2019-08-23,1,-9.095526877537855,-9.095526877537855
2019-08-26,1,-1.351912476044653,-1.351912476044653
2019-08-27,1,-1.2512741455072411,-1.2512741455072411
2019-08-28,1,-2.6483801186998646,-2.6483801186998646
2019-08-29,1,3.024579428945276,3.024579428945276
2019-08-30,1,-0.38033735898787757,-0.38033735898787757
2019-09-03,1,-1.151186981935701,-1.151186981935701
2019-09-04,1,6.235918604459971,6.235918604459971
2019-09-05,1,-3.095756410572582,-3.095756410572582
2019-09-06,1,-1.2300483881859818,-1.2300483881859818
2019-09-09,1,-3.0566438075538884,-3.0566438075538884
2019-09-10,1,-0.15212601563315153,-0.15212601563315153
2019-09-11,1,2.0335858134398355,2.0335858134398355
2019-09-12,1,-1.1014246233384954,-1.1014246233384954
2019-09-13,1,-0.45256901374682723,-0.45256901374682723
2019-09-16,1,2.5769604521080627,2.5769604521080627
2019-09-17,1,-1.8366017976829225,-1.8366017976829225
2019-09-18,1,-1.6512365965027413,-1.6512365965027413
2019-09-19,1,-3.4051400068190807,-3.4051400068190807
2019-09-20,1,-2.8985942107561957,-2.8985942107561957
2019-09-23,1,-1.1045460725201905,-1.1045460725201905
2019-09-24,1,-30.46497679724747,-30.46497679724747
2019-09-25,1,-1.329257148248362,-1.329257148248362
2019-09-26,1,1.463987517375605,1.463987517375605
2019-09-27,1,-1.0292525482992472,-1.0292525482992472
2019-09-30,1,1.9353435139399582,1.9353435139399582
2019-10-01,1,-4.047625790757954,-4.047625790757954
2019-10-02,1,-1.4020009170121224,-1.4020009170121224
2019-10-03,1,5.515911692122783,5.515911692122783
2019-10-04,1,-0.8347201345886763,-0.8347201345886763
2019-10-07,1,-4.9584599152404625,-4.9584599152404625
2019-10-08,1,-0.6393732452697082,-0.6393732452697082
2019-10-09,1,0.9041014200263533,0.9041014200263533
2019-10-10,1,-0.9539841857226217,-0.9539841857226217
2019-10-11,1,13.98712925443294,13.98712925443294
2019-10-14,1,1.842793507717901,1.842793507717901
2019-10-15,1,-0.9010831387727486,-0.9010831387727486
2019-10-16,1,0.9927875908221191,0.9927875908221191
2019-10-17,1,0.18498689117785072,0.18498689117785072
2019-10-18,1,-3.2421205581759667,-3.2421205581759667
2019-10-21,1,-0.2993247682986232,-0.2993247682986232
2019-10-22,1,-1.6111110208153656,-1.6111110208153656
2019-10-23,1,-1.4291763798172632,-1.4291763798172632
2019-10-24,1,-51.175547940544895,-51.175547940544895
2019-10-25,1,-0.46271214586332476,-0.46271214586332476
2019-10-28,1,-1.0134826960685892,-1.0134826960685892
2019-10-29,1,26.392350348920807,26.392350348920807
2019-10-30,1,-0.8908661473361702,-0.8908661473361702
2019-10-31,1,-0.9253266790589271,-0.9253266790589271
2019-11-01,1,16.892588607888282,16.892588607888282
2019-11-04,1,-3.597117410807709,-3.597117410807709
2019-11-05,1,-1.0593075822331475,-1.0593075822331475
2019-11-06,1,-38.46999608569048,-38.46999608569048
2019-11-07,1,-0.07016791586414595,-0.07016791586414595
2019-11-08,1,-0.8261973419870261,-0.8261973419870261
2019-11-11,1,3.9451804368444545,3.9451804368444545
2019-11-12,1,-0.4052220025158306,-0.4052220025158306
2019-11-13,0,-1.7783428295596535,-0.0
2019-11-14,1,-1.8575326727559789,-1.8575326727559789
2019-11-15,0,-0.13770911002908093,-0.0
2019-11-18,0,-1.7668653867095343,-0.0
2019-11-19,0,-5.398766316084853,-0.0
2019-11-20,0,-1.7456979070920557,-0.0
2019-11-21,0,-1.3649432301249582,-0.0
2019-11-22,0,-9.287251931190093,-0.0
2019-11-25,0,-1.1613539725274047,-0.0
2019-11-26,0,-3.226432596319621,-0.0
2019-11-27,0,-1.3266141137728416,-0.0
2019-11-29,0,-1.565542821799983,-0.0
2019-12-02,0,-4.666787997906592,-0.0
2019-12-03,1,-0.7341940837504553,-0.7341940837504553
2019-12-04,0,-3.3740330920851833,-0.0
2019-12-05,0,-0.15290629672804124,-0.0
2019-12-06,0,-3.0919131687833508,-0.0
2019-12-09,0,-0.3514228715726754,-0.0
2019-12-10,0,1.5303037141423177,0.0
2019-12-11,0,-0.5964607905344741,-0.0
2019-12-12,0,0.7885127275362045,0.0
2019-12-13,0,-1.1812239049344486,-0.0
2019-12-16,0,-18.979493385392736,-0.0
2019-12-17,0,-1.102030840334116,-0.0
2019-12-18,0,-6.678841935952204,-0.0
2019-12-19,0,-0.25862842441977063,-0.0
2019-12-20,0,-0.861505270412424,-0.0
2019-12-23,0,7.760011736880921,0.0
2019-12-24,0,-0.5719769172662951,-0.0
2019-12-26,0,-0.06976571100257245,-0.0
2019-12-27,0,-1.0971216350701931,-0.0
2019-12-30,1,27.03556437338912,27.03556437338912
2019-12-31,1,-1.2402574047335162,-1.2402574047335162
2020-01-02,1,2.258003416762162,2.258003416762162
2020-01-03,1,0.039100793847966386,0.039100793847966386
2020-01-06,1,-0.35023557478706524,-0.35023557478706524
2020-01-07,1,1.015126255935197,1.015126255935197
2020-01-08,1,0.2681484650435322,0.2681484650435322
2020-01-09,1,-1.4459930819508153,-1.4459930819508153
2020-01-10,1,-0.6980043727775441,-0.6980043727775441
2020-01-13,1,-15.740391070099683,-15.740391070099683
2020-01-14,1,-0.745285215311073,-0.745285215311073
2020-01-15,1,-2.4508809868374533,-2.4508809868374533
2020-01-16,1,-0.7323562678153687,-0.7323562678153687
2020-01-17,1,-0.39737049064824026,-0.39737049064824026
2020-01-21,1,-13.346146822440302,-13.346146822440302
2020-01-22,1,-0.43159729587136164,-0.43159729587136164
2020-01-23,1,-0.8865682285749039,-0.8865682285749039
2020-01-24,1,-3.78258107987177,-3.78258107987177
2020-01-27,1,-0.0665496009771902,-0.0665496009771902
2020-01-28,1,-2.321789400354494,-2.321789400354494
2020-01-29,1,0.5618623282742932,0.5618623282742932
2020-01-30,1,3.1425979851608528,3.1425979851608528
2020-01-31,1,-0.852075015923967,-0.852075015923967
2020-02-03,1,12.062348953255578,12.062348953255578
2020-02-04,1,-0.31009111630807373,-0.31009111630807373
2020-02-05,1,-2.251368912451592,-2.251368912451592
2020-02-06,1,-1.113003600004298,-1.113003600004298
2020-02-07,1,-1.0612244011032983,-1.0612244011032983
2020-02-10,1,-27.10946291139266,-27.10946291139266
2020-02-11,1,-0.8704571442969853,-0.8704571442969853
2020-02-12,1,-3.2779456415346635,-3.2779456415346635
2020-02-13,1,-6.22558322932768,-6.22558322932768
2020-02-14,1,-1.1032060765637497,-1.1032060765637497
2020-02-18,1,-15.775885628265454,-15.775885628265454
2020-02-19,1,-0.05761952574659446,-0.05761952574659446
2020-02-20,1,-1.2855192222570253,-1.2855192222570253
2020-02-21,1,-1.0900514143417313,-1.0900514143417313
2020-02-24,1,-43.19625117582363,-43.19625117582363
2020-02-25,1,-0.45527458503630847,-0.45527458503630847
2020-02-26,1,-0.3505281372165411,-0.3505281372165411
2020-02-27,1,3.8557618255329498,3.8557618255329498
2020-02-28,1,-0.87346411047324,-0.87346411047324
2020-03-02,1,-7.982424247013939,-7.982424247013939
2020-03-03,1,-0.9775516531732877,-0.9775516531732877
2020-03-04,1,1.1057590937390382,1.1057590937390382
2020-03-05,1,-7.222369646795591,-7.222369646795591
2020-03-06,1,-0.12718444137271057,-0.12718444137271057
2020-03-09,1,3.6694407849840562,3.6694407849840562
2020-03-10,1,-1.4523699205967122,-1.4523699205967122
2020-03-11,1,-1.2801466822443468,-1.2801466822443468
2020-03-12,1,5.754032887168332,5.754032887168332
2020-03-13,1,-0.7860890481031493,-0.7860890481031493
2020-03-16,1,6.4758119121758115,6.4758119121758115
2020-03-17,1,-0.8201592642883856,-0.8201592642883856
2020-03-18,1,3.7992162550117428,3.7992162550117428
2020-03-19,1,-2.1467644261148213,-2.1467644261148213
2020-03-20,1,-1.00139861883705,-1.00139861883705
2020-03-23,1,-62.482773245512725,-62.482773245512725
2020-03-24,1,9.297248784342958,9.297248784342958
2020-03-25,1,-0.5834491542577989,-0.5834491542577989
2020-03-26,1,-1.3032304097150285,-1.3032304097150285
2020-03-27,1,0.2704889082430251,0.2704889082430251
2020-03-30,1,-0.08998813095599645,-0.08998813095599645
2020-03-31,1,-2.831778197392394,-2.831778197392394
2020-04-01,1,-2.859565842441996,-2.859565842441996
2020-04-02,1,-0.3054327182351878,-0.3054327182351878
2020-04-03,1,-1.9989811046877755,-1.9989811046877755
2020-04-06,1,0.3430807564568583,0.3430807564568583
2020-04-07,1,-0.2503437367739517,-0.2503437367739517
2020-04-08,1,-0.8901599719895918,-0.8901599719895918
2020-04-09,1,6.082895648337652,6.082895648337652
2020-04-13,1,2.0903658871322377,2.0903658871322377
2020-04-14,1,-0.3344189744273387,-0.3344189744273387
2020-04-15,1,-0.6897784450978388,-0.6897784450978388
2020-04-16,1,-0.24975994334797558,-0.24975994334797558
2020-04-17,1,-0.44727843214510665,-0.44727843214510665
2020-04-20,1,-1.857527935535954,-1.857527935535954
2020-04-21,1,7.000179518679344,7.000179518679344
2020-04-22,1,-1.8271638697227923,-1.8271638697227923
2020-04-23,1,-1.5472193387054531,-1.5472193387054531
2020-04-24,1,-1.7648232290663883,-1.7648232290663883
2020-04-27,1,2.668991880564669,2.668991880564669
2020-04-28,1,-1.365486285362302,-1.365486285362302
2020-04-29,1,-2.100211666470117,-2.100211666470117
2020-04-30,1,-1.570228728700532,-1.570228728700532
2020-05-01,1,3.4272398297789612,3.4272398297789612
2020-05-04,1,-1.8285403403143463,-1.8285403403143463
2020-05-05,1,-0.8919678066658354,-0.8919678066658354
2020-05-06,1,1.0282929677031607,1.0282929677031607
2020-05-07,1,-1.1735125295162898,-1.1735125295162898
2020-05-08,1,-16.55431425412023,-16.55431425412023
2020-05-11,1,-1.1965283704051382,-1.1965283704051382
2020-05-12,1,-0.766443023040438,-0.766443023040438
2020-05-13,1,8.83673441218133,8.83673441218133
2020-05-14,1,-1.6860988484867212,-1.6860988484867212
2020-05-15,1,-1.331118473706859,-1.331118473706859
2020-05-18,1,-4.494070732176594,-4.494070732176594
2020-05-19,1,-1.3817522505791928,-1.3817522505791928
2020-05-20,1,-2.352757011900411,-2.352757011900411
2020-05-21,1,0.5799349861459262,0.5799349861459262
2020-05-22,1,-1.8774106813638638,-1.8774106813638638
2020-05-26,1,-1.188066832411511,-1.188066832411511
2020-05-27,1,-0.3182206399863813,-0.3182206399863813
2020-05-28,1,-11.585204875869822,-11.585204875869822
2020-05-29,1,-3.060501506222634,-3.060501506222634
2020-06-01,1,1.086130493569752,1.086130493569752
2020-06-02,1,-1.2437066772720182,-1.2437066772720182
2020-06-03,1,-1.0862287891980498,-1.0862287891980498
2020-06-04,1,-14.250803790153945,-14.250803790153945
2020-06-05,1,-2.169936613175275,-2.169936613175275
2020-06-08,1,1.9471806854717837,1.9471806854717837
2020-06-09,1,-1.1342084044567655,-1.1342084044567655
2020-06-10,1,-10.211894380409912,-10.211894380409912
2020-06-11,1,-1.5678142336874366,-1.5678142336874366
2020-06-12,1,-0.24198858137877355,-0.24198858137877355
2020-06-15,1,-2.54029702687771,-2.54029702687771
2020-06-16,1,-1.1488258749670548,-1.1488258749670548
2020-06-17,1,-2.1113194171308107,-2.1113194171308107
2020-06-18,1,0.2475681480232379,0.2475681480232379
2020-06-19,1,-1.248383836138135,-1.248383836138135
2020-06-22,1,1.1569593120541573,1.1569593120541573
2020-06-23,1,-2.141231276273627,-2.141231276273627
2020-06-24,1,-6.445780937016338,-6.445780937016338
2020-06-25,1,-1.640130726778425,-1.640130726778425
2020-06-26,1,-2.0175555187597523,-2.0175555187597523
2020-06-29,1,-2.94231385921234,-2.94231385921234
2020-06-30,1,0.35047047111847296,0.35047047111847296
2020-07-01,1,-0.47173434085826593,-0.47173434085826593
2020-07-02,1,1.156296794002698,1.156296794002698
2020-07-06,1,0.6951514583351057,0.6951514583351057
2020-07-07,1,-0.9011254599737621,-0.9011254599737621
2020-07-08,1,-2.2945605894524417,-2.2945605894524417
2020-07-09,1,-2.205115258820363,-2.205115258820363
2020-07-10,1,4.186869819759087,4.186869819759087
2020-07-13,1,-1.2856766210221449,-1.2856766210221449
2020-07-14,1,-1.427979249144802,-1.427979249144802
2020-07-15,1,0.46047179602128474,0.46047179602128474
2020-07-16,1,-2.5238935833936504,-2.5238935833936504
2020-07-17,1,-1.0045424471032662,-1.0045424471032662
